Cadmium in North Bay urchin tissue (micrograms/kg dry weight):
356 329 348 394 324 247 255 320 278 219
329 318 269 395 273 320 219 292 263 274
320 280 407 348 329 319 217 244 308 319
422 419 395 398 313 306 315 459 328 358
319 240 190 214 337 255 273 343 300 337

Cadmium in South Bay urchin tissue (micrograms/kg dry weight):
189 285 276 207 339 189 357 164 310 318
173 419 251 157 462 311 337 248 246 345
316 359 287 191 184 171 105 308 256 147
243 154 409 226 250 229 382 304 269 385
274 276  86 243 259